test(1, 1, 1, 1, 1);
test(2, 1, 1, 1, 1);
test(1073000000, 1, 1, 1, 1);
test(2147483646, 1, 1, 1, 1);
test(2147483647, 1, 1, 1, 1);
test(1, 2, 1, 1, 1);
test(2, 2, 1, 1, 1);
test(1073000000, 2, 1, 1, 1);
test(2147483646, 2, 1, 1, 1);
test(2147483647, 2, 1, 1, 1);
test(1, 1073000000, 1, 1, 1);
test(2, 1073000000, 1, 1, 1);
test(1073000000, 1073000000, 1, 1, 1);
test(2147483646, 1073000000, 1, 1, 1);
test(2147483647, 1073000000, 1, 1, 1);
test(1, 2147483646, 1, 1, 1);
test(2, 2147483646, 1, 1, 1);
test(1073000000, 2147483646, 1, 1, 1);
test(2147483646, 2147483646, 1, 1, 1);
test(2147483647, 2147483646, 1, 1, 1);
test(1, 1, 2, 2, 1);
test(2, 1, 2, 1, 2);
test(1073000000, 1, 2, 1, 2);
test(2147483646, 1, 2, 1, 2);
test(2147483647, 1, 2, 1, 2);
test(1, 2, 2, 1, 1);
test(2, 2, 2, 1, 1);
test(1073000000, 2, 2, 1, 1);
test(2147483646, 2, 2, 1, 1);
test(2147483647, 2, 2, 1, 1);
test(1, 1073000000, 2, 1, 1);
test(2, 1073000000, 2, 1, 1);
test(1073000000, 1073000000, 2, 1, 1);
test(2147483646, 1073000000, 2, 1, 1);
test(2147483647, 1073000000, 2, 1, 1);
test(1, 2147483646, 2, 1, 1);
test(2, 2147483646, 2, 1, 1);
test(1073000000, 2147483646, 2, 1, 1);
test(2147483646, 2147483646, 2, 1, 1);
test(2147483647, 2147483646, 2, 1, 1);
test(1, 2147483647, 1, 1, 1);
test(2, 2147483647, 1, 1, 1);
test(1073000000, 2147483647, 1, 1, 1);
test(2147483646, 2147483647, 1, 1, 1);
test(2147483647, 2147483647, 1, 1, 1);
test(1, 2147483647, 2, 1, 1);
test(2, 2147483647, 2, 1, 1);
test(1073000000, 2147483647, 2, 1, 1);
test(2147483646, 2147483647, 2, 1, 1);
test(2147483647, 2147483647, 2, 1, 1);
test(1, 2147483647, 1073000000, 1, 1);
test(2, 2147483647, 1073000000, 1, 1);
test(1073000000, 2147483647, 1073000000, 1, 1);
test(2147483646, 2147483647, 1073000000, 1, 1);
test(2147483647, 2147483647, 1073000000, 1, 1);
test(1, 2147483647, 2147483646, 1, 1);
test(2, 2147483647, 2147483646, 1, 1);
test(1073000000, 2147483647, 2147483646, 1, 1);
test(2147483646, 2147483647, 2147483646, 1, 1);
test(2147483647, 2147483647, 2147483646, 1, 1);
test(1, 2147483647, 2147483647, 1, 1);
test(2, 2147483647, 2147483647, 1, 1);
test(1073000000, 2147483647, 2147483647, 1, 1);
test(2147483646, 2147483647, 2147483647, 1, 1);
test(2147483647, 2147483647, 2147483647, 1, 1);
test(1, 2147483646, 1073000000, 1, 1);
test(2, 2147483646, 1073000000, 1, 1);
test(1073000000, 2147483646, 1073000000, 1, 1);
test(2147483646, 2147483646, 1073000000, 1, 1);
test(2147483647, 2147483646, 1073000000, 1, 1);
test(1, 2147483646, 2147483646, 1, 1);
test(2, 2147483646, 2147483646, 1, 1);
test(1073000000, 2147483646, 2147483646, 1, 1);
test(2147483646, 2147483646, 2147483646, 1, 1);
test(2147483647, 2147483646, 2147483646, 1, 1);
test(1, 2147483646, 2147483647, 2, 1);
test(2, 2147483646, 2147483647, 1, 2);
test(1073000000, 2147483646, 2147483647, 1, 2);
test(2147483646, 2147483646, 2147483647, 1, 2);
test(2147483647, 2147483646, 2147483647, 1, 2);
test(1, 1073000000, 1073000000, 1, 1);
test(2, 1073000000, 1073000000, 1, 1);
test(1073000000, 1073000000, 1073000000, 1, 1);
test(2147483646, 1073000000, 1073000000, 1, 1);
test(2147483647, 1073000000, 1073000000, 1, 1);
test(1, 2, 3, 2, 1);
test(2, 2, 3, 1, 2);
test(1073000000, 2, 3, 1, 2);
test(2147483646, 2, 3, 1, 2);
test(2147483647, 2, 3, 1, 2);
test(1, 1073000000, 1073000001, 2, 1);
test(2, 1073000000, 1073000001, 1, 2);
test(1073000000, 1073000000, 1073000001, 1, 2);
test(2147483646, 1073000000, 1073000001, 1, 2);
test(2147483647, 1073000000, 1073000001, 1, 2);
test(1, 3, 2, 1, 1);
test(2, 3, 2, 1, 1);
test(1073000000, 3, 2, 1, 1);
test(2147483646, 3, 2, 1, 1);
test(2147483647, 3, 2, 1, 1);
test(1, 1073000001, 1073000000, 1, 1);
test(2, 1073000001, 1073000000, 1, 1);
test(1073000000, 1073000001, 1073000000, 1, 1);
test(2147483646, 1073000001, 1073000000, 1, 1);
test(2147483647, 1073000001, 1073000000, 1, 1);
test(2, 1, 2147483647, 1073741824, 1);
test(1073000000, 1, 2147483647, 3, 1483647);
test(2147483646, 1, 2147483647, 2, 1);
test(2147483647, 1, 2147483647, 1, 2147483647);
test(1, 2, 2147483647, 1073741824, 1);
test(2, 2, 2147483647, 536870912, 2);
test(1073000000, 2, 2147483647, 2, 741824);
test(2147483646, 2, 2147483647, 1, 1073741824);
test(2147483647, 2, 2147483647, 1, 1073741824);
test(1, 1073000000, 2147483647, 3, 1);
test(2, 1073000000, 2147483647, 2, 1);
test(1073000000, 1073000000, 2147483647, 1, 3);
test(2147483646, 1073000000, 2147483647, 1, 3);
test(2147483647, 1073000000, 2147483647, 1, 3);
test(1, 1, 2147483646, 2147483646, 1);
test(2, 1, 2147483646, 1073741823, 2);
test(1073000000, 1, 2147483646, 3, 1483646);
test(2147483646, 1, 2147483646, 1, 2147483646);
test(2147483647, 1, 2147483646, 1, 2147483646);
test(1, 2, 2147483646, 1073741823, 1);
test(2, 2, 2147483646, 536870912, 1);
test(1073000000, 2, 2147483646, 2, 741823);
test(2147483646, 2, 2147483646, 1, 1073741823);
test(2147483647, 2, 2147483646, 1, 1073741823);
test(1, 1073000000, 2147483646, 3, 1);
test(2, 1073000000, 2147483646, 2, 1);
test(1073000000, 1073000000, 2147483646, 1, 3);
test(2147483646, 1073000000, 2147483646, 1, 3);
test(2147483647, 1073000000, 2147483646, 1, 3);
test(1, 1, 2147483647, 2147483647, 1);
test(1, 1, 1073000000, 1073000000, 1);
test(2, 1, 1073000000, 536500000, 2);
test(1073000000, 1, 1073000000, 1, 1073000000);
test(2147483646, 1, 1073000000, 1, 1073000000);
test(2147483647, 1, 1073000000, 1, 1073000000);
test(1, 2, 1073000000, 536500000, 1);
test(2, 2, 1073000000, 268250000, 2);
test(1073000000, 2, 1073000000, 1, 536500000);
test(2147483646, 2, 1073000000, 1, 536500000);
test(2147483647, 2, 1073000000, 1, 536500000);
test(1, 1, 3, 3, 1);
test(2, 1, 3, 2, 1);
test(1073000000, 1, 3, 1, 3);
test(2147483646, 1, 3, 1, 3);
test(2147483647, 1, 3, 1, 3);
test(1, 2, 4, 2, 1);
test(2, 2, 4, 1, 2);
test(1073000000, 2, 4, 1, 2);
test(2147483646, 2, 4, 1, 2);
test(2147483647, 2, 4, 1, 2);
test(1, 1073000000, 1073000002, 2, 1);
test(2, 1073000000, 1073000002, 1, 2);
test(1073000000, 1073000000, 1073000002, 1, 2);
test(2147483646, 1073000000, 1073000002, 1, 2);
test(2147483647, 1073000000, 1073000002, 1, 2);
test(1, 3, 1, 1, 1);
test(2, 3, 1, 1, 1);
test(1073000000, 3, 1, 1, 1);
test(2147483646, 3, 1, 1, 1);
test(2147483647, 3, 1, 1, 1);
test(1, 4, 2, 1, 1);
test(2, 4, 2, 1, 1);
test(1073000000, 4, 2, 1, 1);
test(2147483646, 4, 2, 1, 1);
test(2147483647, 4, 2, 1, 1);
test(1, 1073000002, 1073000000, 1, 1);
test(2, 1073000002, 1073000000, 1, 1);
test(1073000000, 1073000002, 1073000000, 1, 1);
test(2147483646, 1073000002, 1073000000, 1, 1);
test(2147483647, 1073000002, 1073000000, 1, 1);
